tensor([[[[1.0000, 0.9896, 0.9794,  ..., 0.9062, 0.9163, 0.9265],
          [0.9894, 0.9789, 0.9686,  ..., 0.8952, 0.9055, 0.9158],
          [0.9789, 0.9684, 0.9579,  ..., 0.8844, 0.8947, 0.9052],
          ...,
          [0.9263, 0.9158, 0.9052,  ..., 0.9062, 0.9163, 0.9265],
          [0.9368, 0.9263, 0.9158,  ..., 0.9172, 0.9272, 0.9373],
          [0.9473, 0.9368, 0.9263,  ..., 0.9284, 0.9383, 0.9483]]],


        [[[0.0000, 0.0000, 0.0000,  ..., 0.9455, 0.9563, 0.9672],
          [0.0000, 0.0000, 0.0000,  ..., 0.9346, 0.9455, 0.9565],
          [0.0000, 0.0000, 0.0000,  ..., 0.9238, 0.9348, 0.9460],
          ...,
          [0.9790, 0.9677, 0.9565,  ..., 0.8586, 0.8694, 0.8803],
          [0.9894, 0.9783, 0.9672,  ..., 0.8694, 0.8803, 0.8911],
          [1.0000, 0.9890, 0.9780,  ..., 0.8803, 0.8911, 0.9020]]],


        [[[0.9238, 0.9121, 0.9006,  ..., 0.9774, 0.9886, 1.0000],
          [0.9107, 0.8989, 0.8872,  ..., 0.9638, 0.9751, 0.9867],
          [0.8978, 0.8858, 0.8740,  ..., 0.9503, 0.9618, 0.9735],
          ...,
          [0.9061, 0.8921, 0.8782,  ..., 0.9100, 0.9224, 0.9350],
          [0.9168, 0.9030, 0.8893,  ..., 0.9224, 0.9350, 0.9473],
          [0.9278, 0.9141, 0.9006,  ..., 0.9350, 0.9473, 0.9599]]],


        ...,


        [[[0.9556, 0.9445, 0.9333,  ..., 0.9778, 0.9890, 1.0000],
          [0.9445, 0.9333, 0.9223,  ..., 0.9667, 0.9778, 0.9890],
          [0.9333, 0.9223, 0.9111,  ..., 0.9556, 0.9667, 0.9778],
          ...,
          [0.9558, 0.9445, 0.9333,  ..., 0.9445, 0.9556, 0.9667],
          [0.9667, 0.9556, 0.9445,  ..., 0.9556, 0.9667, 0.9778],
          [0.9778, 0.9667, 0.9556,  ..., 0.9667, 0.9778, 0.9890]]],


        [[[0.8117, 0.8016, 0.7916,  ..., 0.8933, 0.9058, 0.9184],
          [0.7997, 0.7894, 0.7792,  ..., 0.8835, 0.8961, 0.9089],
          [0.7878, 0.7773, 0.7670,  ..., 0.8739, 0.8867, 0.8995],
          ...,
          [0.9775, 0.9662, 0.9551,  ..., 0.8669, 0.8789, 0.8911],
          [0.9887, 0.9775, 0.9665,  ..., 0.8775, 0.8894, 0.9013],
          [1.0000, 0.9890, 0.9780,  ..., 0.8882, 0.8999, 0.9118]]],


        [[[1.0000, 0.9900, 0.9801,  ..., 0.3483, 0.3537, 0.3594],
          [0.9944, 0.9844, 0.9744,  ..., 0.3382, 0.3437, 0.3496],
          [0.9889, 0.9789, 0.9688,  ..., 0.3281, 0.3339, 0.3399],
          ...,
          [0.9723, 0.9626, 0.9530,  ..., 0.3115, 0.3151, 0.3190],
          [0.9785, 0.9688, 0.9592,  ..., 0.3225, 0.3259, 0.3297],
          [0.9847, 0.9751, 0.9656,  ..., 0.3335, 0.3368, 0.3405]]]],
       device='cuda:0')
